2 2.785 0 13.37 5.554 0 10.53 4 1 0 2023-05-10 23:26:25.642
2 2.785 0 13.39 5.570 0 10.83 4 1 0 2023-05-10 23:26:29.063
2 2.785 0 13.51 5.570 0 11.30 4 1 0 2023-05-10 23:26:32.686
2 2.785 0 13.75 5.570 0 11.82 4 1 0 2023-05-10 23:26:36.308
3 3.477 0.30 23.44 0 0 1 2023-05-22 19:57:01.515
3 3.507 0.30 23.59 0 0 1 2023-05-22 19:57:01.773
3 3.492 0.15 20.37 0 0 1 2023-05-22 19:57:01.973
3 3.690 0.91 17.68 0 0 1 2023-05-22 19:57:02.075
3 3.522 0.15 22.68 0 0 1 2023-05-22 19:57:02.281
3 3.599 0.30 24.27 0 0 1 2023-05-22 19:57:02.481
3 3.721 -2.73 17.68 0 0 1 2023-05-22 19:57:02.584
3 3.477 0.00 25.61 0 0 1 2023-05-22 19:57:02.690
3 3.736 0.76 17.96 0 0 1 2023-05-22 19:57:02.796
3 3.522 0.15 25.60 0 0 1 2023-05-22 19:57:03.010
3 3.507 -1.52 26.05 0 0 1 2023-05-22 19:57:03.112
3 3.507 0.61 23.88 0 0 1 2023-05-22 19:57:03.214
3 3.477 0.61 27.83 0 0 1 2023-05-22 19:57:03.411
3 3.614 0.15 21.37 0 0 1 2023-05-22 19:57:03.718
3 3.751 -3.03 16.22 0 0 1 2023-05-22 19:57:03.820
3 3.599 0.30 22.94 0 0 1 2023-05-22 19:57:03.923
3 3.614 -3.19 23.66 0 0 1 2023-05-22 19:57:04.152
3 3.522 0.46 23.46 0 0 1 2023-05-22 19:57:04.250
3 3.583 -1.97 22.05 0 0 1 2023-05-22 19:57:04.353
3 3.477 0.30 23.49 0 0 1 2023-05-22 19:57:04.459
3 3.614 -0.15 19.67 0 0 1 2023-05-22 19:57:04.566
3 3.568 0.30 26.67 0 0 1 2023-05-22 19:57:04.771
3 3.568 -2.43 22.94 0 0 1 2023-05-22 19:57:04.873
3 3.522 0.46 27.48 0 0 1 2023-05-22 19:57:04.975
3 3.461 0.76 23.73 0 0 1 2023-05-22 19:57:05.180
